cam0:
  cam_overlaps: [1]
  camera_model: pinhole
  distortion_coeffs: [0.040771465478113514, -0.2708199602228881, 0.00017377980481805215,
    0.004750588518331589]
  distortion_model: radtan
  intrinsics: [1117.121689836152, 1113.3750984807539, 707.0944794198215, 406.44579611358506]
  resolution: [1280, 720]
  rostopic: /cam0/image_raw
cam1:
  T_cn_cnm1:
  - [0.9990532105190164, -0.0014940163838528132, -0.04347931078898085, -0.07751829846400947]
  - [0.0022741365038374344, 0.9998372245075864, 0.017898401943258212, 0.0013096161561217102]
  - [0.04344549291700949, -0.01798033381239889, 0.9988939867379255, -0.0022455472397651783]
  - [0.0, 0.0, 0.0, 1.0]
  cam_overlaps: [0]
  camera_model: pinhole
  distortion_coeffs: [-0.042292587290133056, 0.017943018570439923, 0.00412337933154399,
    0.002460108947544512]
  distortion_model: radtan
  intrinsics: [1127.589392120589, 1121.5608854286709, 706.6125736957667, 437.7180387730134]
  resolution: [1280, 720]
  rostopic: /cam1/image_raw
