#Accelerometer
accelerometer_noise_density: 0.0016676862382653994
accelerometer_random_walk: 0.0003823213153039764

#Gyroscope
gyroscope_noise_density: 7.427771658140804e-05
gyroscope_random_walk: 2.031622069452e-05

rostopic: /imu0
update_rate: 98

